RealBox Tester
#1
[ 2.2, 2.2, 2.2, 2.2, 2.2, 2.2, ]
#2
[ 3.14, 3.14, 3.14, 3.14, ]
#3
[ 5.55, 7.7, 5.55, 5.55, 5.55, ]
#4
[ 8.123, 8.123, 1.11, 8.123, 8.123, 8.123, 8.123, 8.123, ]
#5 : Operator=
[ 8.123, 8.123, 1.11, 8.123, 8.123, 8.123, 8.123, 8.123, ]
[ 8.123, 8.123, 1.11, 8.123, 8.123, 8.123, 8.123, 8.123, ]
[ 8.123, 8.123, 1.11, 8.123, 8.123, 8.123, 8.123, 8.123, ]
[ 8.123, 8.123, 1.11, 8.123, 8.123, 42.42, 8.123, 8.123, ]
#6 : Copy Constructor
[ 2.2, 2.2, 2.2, 2.2, 2.2, 2.2, ]
[ 2.2, 2.2, 2.2, 2.2, 2.2, 2.2, ]
[ 2.2, 2.2, 2.2, 2.2, 2.2, 2.2, ]
[ 2.2, 2.2, 2.2, 88.123, 2.2, 2.2, ]